1
900
600
1280
920
-20
0
3
30
3
50
1
0
0
40
80
120
160
200
240
280
320
360
400
440
480
520
560
600
640
680
720
760
800
840
880
920
960
1000
1040
1080
1120
1160
1200
1240
1280
1320
1360
1400
1440
1480
1520
1560
1600
1640
1680
1720
1760
1800
1840
1880
1920
1960
2000
40
40
40
40
40
40
40
40
40
40
40
40
40
40
40
40
40
40
40
40
40
40
40
40
40
40
40
40
40
40
40
40
40
40
40
40
40
40
80
120
160
200
240
280
320
360
400
440
480
520
0
100
0
400
0
180
0
140
0
100
0
400
0
80
0
280
0
80
0
440
0
140
0
380
0
440
0
380
0
240
0
120
0
140
0
140
0
80
0
260
0
360
0
60
0
300
0
100
0
400
420
0
260
0
80
0
400
0
440
0
60
0
340
0
220
0
240
0
200
0
120
0
340
0
100
0
60
0
160
0
180
0
180
0
300
0
260
0
360
0
60
0
360
0
180
0
260
0
160
0
